27
37
47
233
301
302
313
314
347
351
402
404
411
621
625
636
637
640
722
727
789
796
799
804
811
817
819
822
825
832
894
905
920
926
1099
1105
1225
1295
1304
1306
1329
1338
1354
1358
1360
1423
1499
1501
1553
1702
1811
1827
1829
1853
1889
1890
1893
1894
1895
1897
1898
1900
1901
1902
1903
2078
2083
2090
2100
2109
2118
2123
2292
2397
2398
2470
2472
2473
2474
2575
2577
2595
2597
2709
2832
2846
2847
2848
2852
2874
2932
2935
2937
2943
3031
3044
3048
3063
3247
3250
3253
3254
3396
3400
3401
3409
3447
3452
3643
3644
3645
3661
3781
3958
3996
4104
4110
4120
4126
4285
4346
4348
4349
4356
4360
4363
4431
4471
4479
4483
4819
4831
4890
4893
4908
4926
4929
4965
4991
4996
4997
5126
5178
5186
5190
5208
5306
5316
5322
5333
5418
5426
5430
5629
5633
5640
5654
5690
5697
5714
5718
5853
5870
5940
6141
6146
6150
6155
6180
6187
6223
6553
6556
7083
7124
7131
7138
7141
7142
7252
7318
7324
7333
7343
7397
7402
7409
7493
7496
7498
7511
7514
7529
7794
7799
7801
7805
7881
7884
7890
7891
7946
7947
8015
8025
8026
8115
8289
8294
8378
8380
8381
8471
8481
8576
8749
8870
8914
8915
8916
9000
9001
9006
9010
9073
9075
9076
9079
9080
9081
9082
9237
9253
9332
9343
9379
9386
9433
9595
9651
9656
9658
9660
9666
9681
9688
9803
9920
9926
10053
10054
10061
10175
10179
10248
10281
10288
10295
10296
10303
10684
10685
10691
10706
10709
11035
11074
11081
11166
11248
11364
11466
11483
11490
11495
11522
11679
11684
11687
11689
11738
11740
11981
11994
12134
12136
12138
12139
12140
12141
12142
12145
12146
12147
12198
12205
12207
12210
12444
12445
12446
12447
12448
12449
12450
12451
12452
12453
12454
12455
12456
12457
12458
12459
12460
12461
12462
12480
12550
12562
12673
12691
12693
13048
13052
13054
13066
13078
13087
13166
13170
13171
13210
13215
13492
13502
13511
13615
13626
13628
13633
13720
13737
13921
14039
14049
14206
14324
14326
14333
14337
14341
14348
14349
14350
14351
14356
14404
14417
14424
14608
14609
14621
14685
14689
14690
14691
14692
14696
14705
14710
14715
14721
14723
14829
14845
15191
15192
15199
15200
15203
15333
15411
15538
15653
15662
15669
15673
15757
15819
15858
15859
15861
15864
15925
15938
16010
16016
16026
16027
16037
16670
16672
16674
16876
16907
16929
16931
16942
16944
17060
17075
17100
17132
17174
17176
17189
17196
17223
17247
17248
17249
17252
17341
17419
17434
17441
17480
17492
17494
17658
17673
17679
17776
17894
17901
18063
18068
18145
18155
18159
18161
18206
18210
18413
18415
18426
18534
18732
18739
18746
18848
18852
19045
19056
19232
19238
19239
19245
19249
19422
19432
19643
19645
19657
19658
19661
19716
19719
19726
19734
20062
20071
20075
20076
20077
20079
20084
20087
20114
20198
20200
20202
20205
20209
20214
20244
20265
20339
20340
20341
20342
20363
20378
20469
20726
20727
20732
20743
20746
20756
20791
20799
20803
20804
20931
20935
20940
20947
20978
20983
21160
21164
21178
21183
21184
21243
21247
21257
21350
21362
21370
21371
21372
21374
21378
21507
21517
21678
21725
21734
21737
21743
21844
21856
21870
21871
22158
22207
22215
22219
22221
22323
22333
22334
22341
22342
22758
22937
22939
22998
23000
23002
23006
23014
23017
23020
23021
23022
23121
23134
23144
23145
23253
23295
23474
23558
23569
23823
23824
23825
23827
23955
23956
24248
24249
24252
24269
24416
24426
24427
24428
24465
24479
24492
24681
24684
24685
24691
24695
24697
24698
24704
24770
24776
24793
24798
24807
24821
24823
24824
24828
24837
24960
24964
25129
25131
25183
25189
25353
25365
25398
25412
25441
25444
25461
25463
25469
25485
25488
25516
25517
25518
25519
25594
25599
25613
25668
25674
25787
25798
25799
25882
25895
25899
25900
26002
26009
26306
26310
26315
26319
26324
26365
26366
26395
26405
26423
26451
26454
26460
26590
26606
26607
26687
26690
26695
26707
26840
26845
26848
26849
26925
26934
26937
26939
26940
26941
26958
27094
27100
27107
27112
27179
27269
27287
27294
27376
27414
27625
27627
27630
27633
27642
27645
27717
27718
27721
27945
27950
27954
27956
27967
28014
28028
28032
28084
28175
28193
28259
28405
28464
28491
28494
28496
28501
28508
28510
28515
28523
28524
28525
28526
28529
28572
28645
28648
28661
28726
28811
28819
28824
28877
28882
28906
28909
29011
29022
29055
29059
29072
29080
29081
29091
29095
29114
29120
29225
29233
29243
29245
29323
29331
29522
29527
29830
29833
29834
29836
29971
29972
29977
29978
29979
29980
29984
30115
30116
30132
30240
30249
30264
30265
30266
30274
30275
30548
30555
30564
30769
30777
30782
30791
30792
30793
30794
30820
30824
30827
30829
30832
30836
30882
31093
31101
31145
31148
31294
31407
31413
31516
31519
31758
31761
31856
31861
31865
31882
31883
31905
31907
31914
32050
32062
32066
32071
32083
32084
32122
32131
32185
32675
32676
32679
32682
32684
32803
32842
32851
32852
32853
32865
32994
32995
33002
33003
33276
33368
33375
33381
33386
33387
33399
33507
33594
33646
33658
33663
33677
33746
33767
33965
33967
34094
34113
34115
34120
34178
34194
34300
34305
34314
34317
34337
34475
34487
34496
34565
34570
34572
34627
34641
34662
34663
34668
34673
34681
34685
34692
34702
34714
34720
34721
34732
34738
34776
34777
34779
34850
34857
34965
34971
35232
35233
35240
35251
35257
35276
35279
35281
35320
35321
35327
35330
35336
35340
35341
35342
35343
35344
35349
35350
35351
35359
35360
35437
35440
35442
35460
35628
35634
35657
35663
35673
35774
35779
35793
35794
35805
36127
36157
36162
36164
36185
36187
36192
36224
36355
36415
36417
36430
36442
36579
36586
36635
36664
36673
36677
36714
37000
37003
37139
37146
37177
37383
37423
37425
37584
37596
37634
37654
37663
37754
37763
37771
37793
37870
37883
37888
37891
38049
38056
38065
38162
38164
38168
38169
38191
38216
38219
38228
38230
38411
38425
38428
38486
38756
38757
38759
38760
38894
39100
39142
39227
39228
39237
39239
39281
39293
39552
39553
39648
39666
39669
39671
39788
39791
39793
39794
39980
40034
40096
40113
40114
40197
40211
40260
40414
40416
40435
40576
40577
40717
40719
40730
40749
40811
40812
40817
40818
40856
40866
41001
41130
41139
41141
41238
41242
41293
41297
41301
41312
41314
41318
41326
41339
41366
41420
41475
41481
41485
41492
41494
41499
41582
41585
41600
41621
41635
41642
41767
41804
41814
41815
41823
41837
41966
41979
41982
41983
42118
42119
42335
42342
42349
42350
42425
42431
42432
42468
42471
42473
42550
42568
42570
42576
42731
42857
42972
42991
43017
43019
43024
43038
43051
43054
43143
43165
43179
43195
43206
43215
43232
43247
43254
43256
43270
43273
43285
43287
43291
43294
43295
43296
43299
43310
43357
43366
43373
43379
43409
43442
43481
43488
43492
43493
43495
43801
44088
44092
44114
44302
44317
44326
44437
44839
44844
44960
44961
44968
44974
44984
45012
45029
45375
45384
45406
45462
45490
45494
45584
45586
45684
45688
45696
45702
45705
45716
45722
45778
45781
45783
45787
45932
46206
46211
46212
46218
46222
46232
46500
46559
46576
46891
46904
46918
46921
46924
46965
47030
47035
47039
47040
47050
47052
47091
47112
47198
47204
47207
47218
47225
47241
47245
47247
47248
47258
47260
47262
47327
47337
47345
47361
47734
47817
47832
47833
47958
47959
48118
48121
48122
48130
48138
48188
48291
48361
48490
48501
48517
48552
48556
48623
48627
49165
49176
49179
49187
49193
49196
49198
49314
