72
336
424
1264
3333
3854
4044
4244
4456
4691
4695
4735
5054
5680
5828
5845
6214
6347
6361
6739
6922
7104
7583
8178
8404
8411
8723
8957
9271
9625
9844
9952
10155
10197
10566
10928
10993
11273
11277
11593
11771
11775
11938
11942
11956
12366
12394
12412
12541
12593
12838
13192
13196
13317
13331
13349
13436
13458
13517
13838
13989
14109
14240
14570
14792
14804
14815
14968
15094
15104
15179
15434
15955
15960
16172
16185
16276
16449
16455
16459
16476
16480
16524
17333
17547
17553
17558
17578
17585
17594
17868
18280
18365
18946
18960
19024
19072
19082
19113
19200
19359
19458
19695
19705
19712
19829
19848
19949
19986
19992
20239
20491
20588
21103
21106
21110
21117
21140
21141
21272
21296
21303
21577
21647
21777
22192
22302
22361
22498
22584
22606
22744
23216
23349
23354
23701
23725
23833
24142
24146
24342
24367
24749
24938
25038
25043
25078
25169
25178
25230
25642
25705
25708
25738
25914
26112
26378
26514
26725
26730
26758
27160
27193
27337
27389
27482
27667
27784
27790
27862
28962
29287
29294
29364
29499
29748
30005
31373
32402
32472
32786
32966
33018
33020
33024
33031
33094
33110
33115
33120
33127
33136
33149
33155
33164
33224
33226
33287
33421
33538
33541
33548
33554
33570
33581
33612
33619
33622
33631
33684
33710
33714
33784
33808
33821
33826
33851
33978
34132
34137
34145
34148
34503
34508
34512
34515
34518
34521
34526
34529
34533
34537
34540
34601
34605
34608
34610
34616
34619
34621
34798
34818
34926
34973
34993
34997
35042
35391
35397
35425
35508
36116
